0
0
0
0
0
0
0
0
0
0
0
0
0
0
0
0
0
0
0
0
0
0
0
0
0
0
0
0
0
0
0
0
238.806
238.806
238.806
235.294
235.294
231.884
228.571
225.352
222.222
219.178
213.333
210.526
210.526
210.526
210.526
213.333
216.216
216.216
219.178
222.222
225.352
228.571
228.571
228.571
228.571
222.222
116.788
116.788
183.908
183.908
0
0
0
0
205.128
222.222
225.352
225.352
222.222
222.222
216.216
216.216
213.333
210.526
210.526
210.526
210.526
210.526
210.526
210.526
213.333
213.333
207.792
197.531
195.122
195.122
190.476
190.476
190.476
197.531
197.531
197.531
207.792
210.526
213.333
213.333
210.526
205.128
200
200
205.128
210.526
213.333
216.216
216.216
213.333
210.526
207.792
205.128
202.532
202.532
210.526
210.526
216.216
216.216
216.216
213.333
205.128
202.532
0
0
0
0
213.333
213.333
213.333
213.333
207.792
207.792
200
197.531
197.531
197.531
197.531
197.531
197.531
207.792
207.792
213.333
216.216
219.178
219.178
222.222
228.571
231.884
238.806
242.424
250
258.065
266.667
266.667
246.154
246.154
296.296
296.296
0
0
0
0
0
0
0
0
0
0
0
0
0
0
0
0
0
0
0
0
202.532
210.526
210.526
210.526
210.526
210.526
197.531
195.122
188.235
0
0
0
0
0
0
0
0
0
0
0
213.333
213.333
216.216
216.216
216.216
216.216
216.216
213.333
207.792
207.792
213.333
213.333
0
0
0
0
0
0
0
0
0
0
0
0
0
0
0
0
0
0
0
0
0
0
0
0
0
0
0
0
0
0
0
0
0
0
0
0
0
0
0
0
0
0
0
0
0
0
0
0
0
0
400
400
213.333
213.333
213.333
213.333
205.128
183.908
183.908
183.908
183.908
190.476
190.476
188.235
0
0
200
200
197.531
195.122
195.122
192.771
192.771
192.771
190.476
190.476
192.771
195.122
197.531
197.531
200
202.532
202.532
200
200
197.531
195.122
0
0
0
175.824
175.824
0
0
0
0
0
0
0
0
0
0
0
0
0
0
0
0
0
216.216
216.216
200
200
202.532
202.532
200
195.122
195.122
192.771
190.476
190.476
190.476
188.235
181.818
181.818
186.047
188.235
188.235
192.771
195.122
197.531
197.531
188.235
188.235
197.531
197.531
195.122
190.476
188.235
188.235
186.047
181.818
181.818
186.047
186.047
183.908
183.908
183.908
0
0
0
0
0
0
0
0
0
0
0
0
0
0
0
0
0
0
0
0
0
0
0
0
0
0
0
0
0
0
0
0
0
0
0
0
0
0
0
0
0
0
0
0
0
0
0
0
0
0
0
197.531
197.531
197.531
197.531
195.122
190.476
188.235
188.235
190.476
190.476
190.476
188.235
188.235
186.047
186.047
183.908
183.908
177.778
177.778
177.778
177.778
179.775
179.775
179.775
181.818
183.908
183.908
183.908
179.775
179.775
179.775
179.775
179.775
179.775
0
0
166.667
166.667
173.913
173.913
173.913
173.913
172.043
0
0
0
0
0
0
0
0
0
0
0
0
0
0
0
0
0
0
0
0
0
0
0
0
0
0
0
0
0
0
0
0
0
0
0
0
0
0
0
0
0
0
0
0
0
0
0
0
0
0
0
0
0
0
0
0
0
0
0
0
0
0
0
0
0
0
0
0
0
0
0
0
0
0
0
0
0
0
0
0
0
0
0
0
0
0
0
0
0
0
0
0
0
0
0
0
0
0
0
0
0
0
0
0
0
0
0
0
0
0
0
0
0
0
0
0
0
0
0
0
0
0
0
0
0
0
0
0
0
0
0
0
0
0
0
0
0
0
0
0
0
0
0
0
0
0
0
0
